DÍA DE LA SEMANA,HORA DEL DÍA,CONSUMO,SALIDA DE LA RED
1.000000,1.000000,0.410000,0.606656
1.000000,2.000000,0.363000,0.508243
1.000000,3.000000,0.342970,0.427335
1.000000,4.000000,0.329300,0.379780
1.000000,5.000000,0.329300,0.352843
1.000000,6.000000,0.368330,0.344176
1.000000,7.000000,0.457630,0.372640
1.000000,8.000000,0.554970,0.448296
1.000000,9.000000,0.596670,0.533532
1.000000,10.000000,0.718970,0.582321
1.000000,11.000000,0.774330,0.664657
1.000000,12.000000,0.788630,0.717887
1.000000,13.000000,0.791030,0.747193
1.000000,14.000000,0.743700,0.763590
1.000000,15.000000,0.718670,0.758741
1.000000,16.000000,0.736000,0.746749
1.000000,17.000000,0.764970,0.744163
1.000000,18.000000,0.791370,0.751938
1.000000,19.000000,0.833330,0.764489
1.000000,20.000000,0.811330,0.783232
1.000000,21.000000,0.785330,0.789821
1.000000,22.000000,0.666670,0.788261
1.000000,23.000000,0.663000,0.754816
1.000000,24.000000,0.602670,0.721145
2.000000,1.000000,0.534970,0.513861
2.000000,2.000000,0.479630,0.535355
2.000000,3.000000,0.454370,0.509608
2.000000,4.000000,0.451970,0.482303
2.000000,5.000000,0.447970,0.469723
2.000000,6.000000,0.463000,0.461878
2.000000,7.000000,0.523300,0.469740
2.000000,8.000000,0.591670,0.515477
2.000000,9.000000,0.672670,0.574222
2.000000,10.000000,0.730000,0.640498
2.000000,11.000000,0.778630,0.692807
2.000000,12.000000,0.787670,0.735364
2.000000,13.000000,0.778630,0.758903
2.000000,14.000000,0.718670,0.768538
2.000000,15.000000,0.693300,0.752708
2.000000,16.000000,0.721700,0.730263
2.000000,17.000000,0.751700,0.728514
2.000000,18.000000,0.789030,0.740763
2.000000,19.000000,0.825670,0.761319
2.000000,20.000000,0.810330,0.783293
2.000000,21.000000,0.784670,0.791183
2.000000,22.000000,0.736670,0.789286
2.000000,23.000000,0.569500,0.773247
2.000000,24.000000,0.566670,0.655751
3.000000,1.000000,0.554330,0.507498
3.000000,2.000000,0.489630,0.540414
3.000000,3.000000,0.463000,0.509569
3.000000,4.000000,0.458370,0.479120
3.000000,5.000000,0.453700,0.465249
3.000000,6.000000,0.471330,0.457269
3.000000,7.000000,0.534670,0.468813
3.000000,8.000000,0.600300,0.520461
3.000000,9.000000,0.691300,0.579239
3.000000,10.000000,0.743370,0.652389
3.000000,11.000000,0.788300,0.703776
3.000000,12.000000,0.799670,0.745145
3.000000,13.000000,0.786000,0.769327
3.000000,14.000000,0.733330,0.777547
3.000000,15.000000,0.707700,0.761872
3.000000,16.000000,0.724970,0.738619
3.000000,17.000000,0.734970,0.732643
3.000000,18.000000,0.778300,0.734745
3.000000,19.000000,0.821330,0.758247
3.000000,20.000000,0.792670,0.786742
3.000000,21.000000,0.804670,0.789533
3.000000,22.000000,0.668000,0.795583
3.000000,23.000000,0.619400,0.732032
3.000000,24.000000,0.569030,0.628457
4.000000,1.000000,0.576630,0.587768
4.000000,2.000000,0.505300,0.581037
4.000000,3.000000,0.477330,0.531122
4.000000,4.000000,0.464370,0.491374
4.000000,5.000000,0.463430,0.468689
4.000000,6.000000,0.477000,0.461942
4.000000,7.000000,0.538000,0.471601
4.000000,8.000000,0.605670,0.523344
4.000000,9.000000,0.699630,0.583924
4.000000,10.000000,0.742000,0.659746
4.000000,11.000000,0.793670,0.705871
4.000000,12.000000,0.791370,0.748680
4.000000,13.000000,0.767370,0.767457
4.000000,14.000000,0.715300,0.767984
4.000000,15.000000,0.686030,0.744577
4.000000,16.000000,0.693630,0.712714
4.000000,17.000000,0.721700,0.699574
4.000000,18.000000,0.746000,0.712881
4.000000,19.000000,0.760670,0.732828
4.000000,20.000000,0.718000,0.748596
4.000000,21.000000,0.700670,0.728858
4.000000,22.000000,0.665000,0.707008
4.000000,23.000000,0.634670,0.668264
4.000000,24.000000,0.619670,0.629364
5.000000,1.000000,0.570970,0.646655
5.000000,2.000000,0.485630,0.601707
5.000000,3.000000,0.448700,0.521674
5.000000,4.000000,0.429330,0.462715
5.000000,5.000000,0.411030,0.431475
5.000000,6.000000,0.377030,0.409390
5.000000,7.000000,0.385670,0.373358
5.000000,8.000000,0.390000,0.381123
5.000000,9.000000,0.404630,0.385370
5.000000,10.000000,0.445670,0.401168
5.000000,11.000000,0.490300,0.445073
5.000000,12.000000,0.524670,0.489109
5.000000,13.000000,0.531700,0.522454
5.000000,14.000000,0.525700,0.529242
5.000000,15.000000,0.520970,0.522780
5.000000,16.000000,0.510670,0.517774
5.000000,17.000000,0.514670,0.506073
5.000000,18.000000,0.546000,0.513506
5.000000,19.000000,0.577000,0.551553
5.000000,20.000000,0.582670,0.580345
5.000000,21.000000,0.597370,0.581636
5.000000,22.000000,0.610700,0.599551
5.000000,23.000000,0.620670,0.612064
5.000000,24.000000,0.597670,0.621694
6.000000,1.000000,0.571000,0.559932
6.000000,2.000000,0.427370,0.569953
6.000000,3.000000,0.394000,0.458547
6.000000,4.000000,0.374000,0.399977
6.000000,5.000000,0.365370,0.374294
6.000000,6.000000,0.368630,0.364554
6.000000,7.000000,0.390330,0.368064
6.000000,8.000000,0.425030,0.391324
6.000000,9.000000,0.470700,0.427042
6.000000,10.000000,0.515000,0.472755
6.000000,11.000000,0.570330,0.515700
6.000000,12.000000,0.580330,0.568422
6.000000,13.000000,0.570970,0.580689
6.000000,14.000000,0.540000,0.573200
6.000000,15.000000,0.519000,0.540839
6.000000,16.000000,0.527700,0.516635
6.000000,17.000000,0.541700,0.530110
6.000000,18.000000,0.541700,0.544626
6.000000,19.000000,0.631670,0.541523
6.000000,20.000000,0.634670,0.646001
6.000000,21.000000,0.643670,0.636540
6.000000,22.000000,0.645330,0.645273
6.000000,23.000000,0.652670,0.646683
6.000000,24.000000,0.582670,0.654105
7.000000,1.000000,0.471330,0.508157
7.000000,2.000000,0.442000,0.477669
7.000000,3.000000,0.408300,0.446055
7.000000,4.000000,0.407970,0.409949
7.000000,5.000000,0.374670,0.408861
7.000000,6.000000,0.339700,0.372705
7.000000,7.000000,0.332970,0.334827
7.000000,8.000000,0.332970,0.332260
7.000000,9.000000,0.326330,0.332756
7.000000,10.000000,0.338330,0.323988
7.000000,11.000000,0.375700,0.342714
7.000000,12.000000,0.409030,0.386914
7.000000,13.000000,0.431670,0.416898
7.000000,14.000000,0.437670,0.437724
7.000000,15.000000,0.430300,0.439363
7.000000,16.000000,0.420000,0.428388
7.000000,17.000000,0.422300,0.417530
7.000000,18.000000,0.454370,0.426559
7.000000,19.000000,0.484330,0.472227
7.000000,20.000000,0.534000,0.493554
7.000000,21.000000,0.548000,0.556233
7.000000,22.000000,0.538330,0.548063
7.000000,23.000000,0.501000,0.536770
7.000000,24.000000,0.480000,0.479932
