DÍA DE LA SEMANA,HORA DEL DÍA,CONSUMO,SALIDA DE LA RED
1.000000,1.000000,0.410000,0.600369
1.000000,2.000000,0.363000,0.563420
1.000000,3.000000,0.342970,0.519489
1.000000,4.000000,0.329300,0.474818
1.000000,5.000000,0.329300,0.431127
1.000000,6.000000,0.368330,0.393943
1.000000,7.000000,0.457630,0.380927
1.000000,8.000000,0.554970,0.413030
1.000000,9.000000,0.596670,0.477800
1.000000,10.000000,0.718970,0.532261
1.000000,11.000000,0.774330,0.608003
1.000000,12.000000,0.788630,0.662995
1.000000,13.000000,0.791030,0.696984
1.000000,14.000000,0.743700,0.718409
1.000000,15.000000,0.718670,0.724841
1.000000,16.000000,0.736000,0.725325
1.000000,17.000000,0.764970,0.728424
1.000000,18.000000,0.791370,0.735175
1.000000,19.000000,0.833330,0.743761
1.000000,20.000000,0.811330,0.755135
1.000000,21.000000,0.785330,0.761376
1.000000,22.000000,0.666670,0.763758
1.000000,23.000000,0.663000,0.753216
1.000000,24.000000,0.602670,0.742354
2.000000,1.000000,0.534970,0.586266
2.000000,2.000000,0.479630,0.589126
2.000000,3.000000,0.454370,0.577564
2.000000,4.000000,0.451970,0.560217
2.000000,5.000000,0.447970,0.543338
2.000000,6.000000,0.463000,0.526376
2.000000,7.000000,0.523300,0.515900
2.000000,8.000000,0.591670,0.527991
2.000000,9.000000,0.672670,0.560076
2.000000,10.000000,0.730000,0.607123
2.000000,11.000000,0.778630,0.651292
2.000000,12.000000,0.787670,0.688721
2.000000,13.000000,0.778630,0.713110
2.000000,14.000000,0.718670,0.727424
2.000000,15.000000,0.693300,0.727774
2.000000,16.000000,0.721700,0.723467
2.000000,17.000000,0.751700,0.724605
2.000000,18.000000,0.789030,0.730185
2.000000,19.000000,0.825670,0.739609
2.000000,20.000000,0.810330,0.751045
2.000000,21.000000,0.784670,0.757968
2.000000,22.000000,0.736670,0.760804
2.000000,23.000000,0.569500,0.758049
2.000000,24.000000,0.566670,0.735014
3.000000,1.000000,0.554330,0.517596
3.000000,2.000000,0.489630,0.543780
3.000000,3.000000,0.463000,0.544731
3.000000,4.000000,0.458370,0.536344
3.000000,5.000000,0.453700,0.526394
3.000000,6.000000,0.471330,0.514970
3.000000,7.000000,0.534670,0.510854
3.000000,8.000000,0.600300,0.531608
3.000000,9.000000,0.691300,0.569975
3.000000,10.000000,0.743370,0.624986
3.000000,11.000000,0.788300,0.670708
3.000000,12.000000,0.799670,0.707283
3.000000,13.000000,0.786000,0.731009
3.000000,14.000000,0.733330,0.743774
3.000000,15.000000,0.707700,0.743988
3.000000,16.000000,0.724970,0.739410
3.000000,17.000000,0.734970,0.738457
3.000000,18.000000,0.778300,0.739249
3.000000,19.000000,0.821330,0.746803
3.000000,20.000000,0.792670,0.758043
3.000000,21.000000,0.804670,0.762668
3.000000,22.000000,0.668000,0.767710
3.000000,23.000000,0.619400,0.755505
3.000000,24.000000,0.569030,0.734181
4.000000,1.000000,0.576630,0.474604
4.000000,2.000000,0.505300,0.518266
4.000000,3.000000,0.477330,0.525842
4.000000,4.000000,0.464370,0.521397
4.000000,5.000000,0.463430,0.512188
4.000000,6.000000,0.477000,0.503498
4.000000,7.000000,0.538000,0.501595
4.000000,8.000000,0.605670,0.527023
4.000000,9.000000,0.699630,0.572263
4.000000,10.000000,0.742000,0.635446
4.000000,11.000000,0.793670,0.682238
4.000000,12.000000,0.791370,0.721771
4.000000,13.000000,0.767370,0.743456
4.000000,14.000000,0.715300,0.752177
4.000000,15.000000,0.686030,0.747198
4.000000,16.000000,0.693630,0.735220
4.000000,17.000000,0.721700,0.726467
4.000000,18.000000,0.746000,0.728134
4.000000,19.000000,0.760670,0.736200
4.000000,20.000000,0.718000,0.744853
4.000000,21.000000,0.700670,0.739589
4.000000,22.000000,0.665000,0.729296
4.000000,23.000000,0.634670,0.702364
4.000000,24.000000,0.619670,0.651175
5.000000,1.000000,0.570970,0.466652
5.000000,2.000000,0.485630,0.508810
5.000000,3.000000,0.448700,0.507261
5.000000,4.000000,0.429330,0.492168
5.000000,5.000000,0.411030,0.472915
5.000000,6.000000,0.377030,0.450646
5.000000,7.000000,0.385670,0.418302
5.000000,8.000000,0.390000,0.403030
5.000000,9.000000,0.404630,0.397270
5.000000,10.000000,0.445670,0.404278
5.000000,11.000000,0.490300,0.436808
5.000000,12.000000,0.524670,0.481370
5.000000,13.000000,0.531700,0.520434
5.000000,14.000000,0.525700,0.535408
5.000000,15.000000,0.520970,0.532680
5.000000,16.000000,0.510670,0.526801
5.000000,17.000000,0.514670,0.514613
5.000000,18.000000,0.546000,0.519104
5.000000,19.000000,0.577000,0.555667
5.000000,20.000000,0.582670,0.585665
5.000000,21.000000,0.597370,0.587088
5.000000,22.000000,0.610700,0.604566
5.000000,23.000000,0.620670,0.616800
5.000000,24.000000,0.597670,0.626090
6.000000,1.000000,0.571000,0.398705
6.000000,2.000000,0.427370,0.475025
6.000000,3.000000,0.394000,0.464296
6.000000,4.000000,0.374000,0.442722
6.000000,5.000000,0.365370,0.418795
6.000000,6.000000,0.368630,0.398733
6.000000,7.000000,0.390330,0.388018
6.000000,8.000000,0.425030,0.394424
6.000000,9.000000,0.470700,0.418987
6.000000,10.000000,0.515000,0.459695
6.000000,11.000000,0.570330,0.505355
6.000000,12.000000,0.580330,0.558812
6.000000,13.000000,0.570970,0.582368
6.000000,14.000000,0.540000,0.582519
6.000000,15.000000,0.519000,0.555629
6.000000,16.000000,0.527700,0.527989
6.000000,17.000000,0.541700,0.533971
6.000000,18.000000,0.541700,0.548650
6.000000,19.000000,0.631670,0.546497
6.000000,20.000000,0.634670,0.643282
6.000000,21.000000,0.643670,0.641214
6.000000,22.000000,0.645330,0.649083
6.000000,23.000000,0.652670,0.650561
6.000000,24.000000,0.582670,0.657588
7.000000,1.000000,0.471330,0.373990
7.000000,2.000000,0.442000,0.422755
7.000000,3.000000,0.408300,0.437896
7.000000,4.000000,0.407970,0.431603
7.000000,5.000000,0.374670,0.427164
7.000000,6.000000,0.339700,0.407127
7.000000,7.000000,0.332970,0.376016
7.000000,8.000000,0.332970,0.355132
7.000000,9.000000,0.326330,0.344805
7.000000,10.000000,0.338330,0.335506
7.000000,11.000000,0.375700,0.340755
7.000000,12.000000,0.409030,0.372471
7.000000,13.000000,0.431670,0.408979
7.000000,14.000000,0.437670,0.435853
7.000000,15.000000,0.430300,0.443807
7.000000,16.000000,0.420000,0.435224
7.000000,17.000000,0.422300,0.423008
7.000000,18.000000,0.454370,0.427140
7.000000,19.000000,0.484330,0.468491
7.000000,20.000000,0.534000,0.496500
7.000000,21.000000,0.548000,0.555787
7.000000,22.000000,0.538330,0.551335
7.000000,23.000000,0.501000,0.537436
7.000000,24.000000,0.480000,0.480104
